mass = 0.26 *(9.10956*10^-31);
k=1.380648*10^-23;
T =300;
v = sqrt((k*T)/mass)